10162
10162
10158.5
10164
10174
10174
10175
10178
10185.5
10173.5
10156.5
10172
10168
10159.5
10147
10169
10139
10125
10181
10285.5
10292
10308
10308
10309.5
10309.5
10311
10313.5
10314.5
10315.5
10316
10316
10315.5
10316
10316
10316
10315.5
10316
10316
10316
10316
10315.5
10316
10315.5
10316.5
10317.5
10317
10317.5
10317.5
10317.5
10317.5
10317.5
10316.5
10317
10317
10317
10317
10316.5
10317
10317
10317
10316.5
10315
10314
10314
10313.5
10314
10313.5
10313.5
10313.5
10316.5
10316.5
10317
10317
10317
10317
10316.5
10317
10317
10317
10317
10317
10317
10316.5
10316.5
10318.5
10319
10319
10318.5
10318.5
10318.5
10318.5
10318.5
10319
10319
10318.5
10317
10317
10314.5
10314
10313.5
10314
10314
10314
10310
10309.5
10309.5
10307
10307
10307
10306.5
10307.5
10310
10312.5
10313
10313
10312.5
10313
10313
10313
10314
10315.5
10315
10315
10315
10315.5
10315
10315.5
10315.5
10315
10315
10313.5
10313.5
10313.5
10313
10313
10313
10313
10313.5
10313
10313
10310.5
10310
10309.5
10310
10310
10309.5
10311.5
10313
10315.5
10316.5
10316.5
10316.5
10317
10316.5
10317
10316.5
10320.5
10320.5
10321
10321
10320.5
10317.5
10317.5
10317.5
10317
10316.5
10315.5
10315.5
10313
10312.5
10311
10310.5
10309.5
10308
10305.5
10305
10309
10309
10308.5
10309
10306
10304.5
10301
10301
10302.5
10305
10303.5
10303.5
10311
10311
10310.5
10313
10310
10312.5
10313.5
10313.5
10313
10313
10313
10313
10313.5
10313
10313
10315
10315
10315
10315
10315.5
10315
10322.5
10320
10318
10320.5
10322
10323
10326.5
10327.5
10328.5
10328.5
10329
10330.5
10332
10331.5
10331.5
10329
10328.5
10329
10329
10325.5
10325
10321.5
10321.5
10320.5
10321
10320.5
10320.5
10320
10318.5
10321.5
10318
10318
10318
10318
10318
10318.5
10318.5
10318.5
10318
10318
10318.5
10318.5
10318
10318
10318.5
10320
10320
10320
10319.5
10322
10322.5
10322
10319.5
10318.5
10318
10314.5
10306
10304.5
10305
10310.5
10310.5
10311
10310.5
10310.5
10311.5
10311.5
10313
10313
10313
10313
10311
10311
10311
10310.5
10310.5
10311
10313.5
10310.5
10310
10308.5
10308.5
10308.5
10308.5
10308.5
10301
10301
10300.5
10300.5
10302.5
10302.5
10301
10296.5
10303.5
10296.5
10306
10306
10307
10308.5
10309
10309.5
10312
10312.5
10312
10313.5
10314
10314.5
10314.5
10317
10316.5
10316.5
10316.5
10316.5
10316.5
10317
10317
10316.5
10316.5
10316.5
10316.5
10316.5
10316.5
10316.5
10317
10316.5
10317
10317
10316.5
10316
10314.5
10313
10312.5
10312.5
10312.5
10312
10312.5
10312.5
10312.5
10313.5
10313.5
10308.5
10308.5
10304.5
10301
10310.5
10310
10310.5
10310
10310
10317
10317
10317
10318
10320
10323
10322.5
10322.5
10323
10322.5
10317
10317.5
10321
10318
10317.5
10315.5
10321
10326
10326.5
10327
10326.5
10328.5
10333
10335
10336
10337
10337
10337.5
10337
10337.5
10337
10337.5
10337
10337.5
10337.5
10337
10337
10337.5
10338
10338
10338
10338.5
10339
10339
10339
10338.5
10338
10338
10338
10338
10337
10336.5
10336.5
10335
10332.5
10332.5
10332.5
10334
10335.5
10336
10336
10341
10341
10341
10343
10342.5
10339
10339.5
10339.5
10339.5
10339
10339
10336
10336
10336
10335
10335
10335
10335
10334.5
10334.5
10332.5
10332.5
10332.5
10332
10332
10332
10333
10333
10333
10333
10333
10333
10333
10333
10332
10331.5
10331.5
10331.5
10331.5
10331
10331.5
10335.5
10331.5
10330.5
10327
10326.5
10327
10326.5
10327
10328
10328
10330
10330
10328.5
10328.5
10328.5
10331.5
10332
10332
10332.5
10332.5
10336
10335.5
10336.5
10336
10336
10339
10338.5
10340
10341.5
10338
10337
10335
10335
10335.5
10337.5
10338
10338
10341.5
10340
10337.5
10325.5
10325.5
10325.5
10325.5
10329
10329
10329.5
10329.5
10329
10329
10329
10329.5
10327.5
10325.5
10329.5
10330.5
10331
10333
10334
10334
10333.5
10332.5
10332
10332.5
10332
10334.5
10335
10333.5
10330.5
10330.5
10327.5
10340
10340
10343
10344
10345.5
10345.5
10345
10345.5
10344
10344
10344
10343.5
10343.5
10348
10349
10348.5
10353
10348
10343
10360.5
10365
10372
10368
10367.5
10367.5
10367.5
10367.5
10367.5
10367.5
10368
10368.5
10368.5
10369
10368.5
10369
10368.5
10369
10369
10364
10362
10359
10359
10358.5
10358.5
10358.5
10358.5
10359
10359
10358.5
10368
10368
10368
10368
10367
10369.5
10374.5
10374.5
10374.5
10370.5
10370
10367.5
10367
10367.5
10368.5
10369
10368.5
10366.5
10366
10363
10363
